節点数
タイプ 座標(x y z)(m)
タイプ 座標(x y z)(m)
...
要素数
節点番号1 節点番号2 バーガースベクトル(x y z)(m) すべり面法線ベクトル(x y z)
節点番号1 節点番号2 バーガースベクトル(x y z)(m) すべり面法線ベクトル(x y z)
...

5
0 1.0e-11 0.0e-9 10.0e-9
0 1.0e-11 4.0e-9 10.0e-9
0 1.0e-11 8.0e-9 10.0e-9
0 1.0e-11 12.0e-9 10.0e-9
0 1.0e-11 16.0e-9 10.0e-9
5
0 1 2.59e-10 0.00e-00 0.00e-00 0.00e-00 0.00e-00 1.00e-00
1 2 2.50e-10 0.00e-00 0.00e-00 0.00e-00 0.00e-00 1.00e-00
2 3 2.50e-10 0.00e-00 0.00e-00 0.00e-00 0.00e-00 1.00e-00
3 4 2.50e-10 0.00e-00 0.00e-00 0.00e-00 0.00e-00 1.00e-00
4 0 2.50e-10 0.00e-00 0.00e-00 0.00e-00 0.00e-00 1.00e-00


5
0 1.0e-11 0.0e-9 10.0e-9
0 1.0e-11 4.0e-9 10.0e-9
0 1.0e-11 8.0e-9 10.0e-9
0 1.0e-11 12.0e-9 10.0e-9
0 1.0e-11 16.0e-9 10.0e-9
5
0 1 2.59e-10 0.00e-00 0.00e-00 0.00e-00 0.00e-00 1.00e-00
1 2 2.50e-10 0.00e-00 0.00e-00 0.00e-00 0.00e-00 1.00e-00
2 3 2.50e-10 0.00e-00 0.00e-00 0.00e-00 0.00e-00 1.00e-00
3 4 2.50e-10 0.00e-00 0.00e-00 0.00e-00 0.00e-00 1.00e-00
4 0 2.50e-10 0.00e-00 0.00e-00 0.00e-00 0.00e-00 1.00e-00
